      fun: 0.4575913629963218
 hess_inv: array([[ 0.17370019, -0.02220386, -0.05951101,  0.00843937, -0.01155865,
         0.00891243,  0.00503872, -0.00370922],
       [-0.02220386,  0.42429741,  0.06603144, -0.15123553,  0.00348248,
        -0.06980016, -0.00227332,  0.03289324],
       [-0.05951101,  0.06603144,  0.1475988 , -0.02539939,  0.00526616,
        -0.02711138, -0.00879492,  0.0123135 ],
       [ 0.00843937, -0.15123553, -0.02539939,  0.09898358, -0.00099144,
         0.02646151,  0.00127906, -0.01575399],
       [-0.01155865,  0.00348248,  0.00526616, -0.00099144,  0.00158145,
        -0.00115852, -0.00086418,  0.00052869],
       [ 0.00891243, -0.06980016, -0.02711138,  0.02646151, -0.00115852,
         0.02708456,  0.00073127, -0.01258382],
       [ 0.00503872, -0.00227332, -0.00879492,  0.00127906, -0.00086418,
         0.00073127,  0.00110526, -0.00046218],
       [-0.00370922,  0.03289324,  0.0123135 , -0.01575399,  0.00052869,
        -0.01258382, -0.00046218,  0.00669245]])
      jac: array([ 2.42143869e-07, -7.45058060e-09, -1.75088644e-07,  4.84287739e-08,
        1.68755651e-06, -5.43892384e-07, -1.45286322e-06, -4.09781933e-07])
  message: 'Optimization terminated successfully.'
     nfev: 261
      nit: 20
     njev: 29
   status: 0
  success: True
        x: array([ 0.74232594,  0.8685124 , -0.06977409,  0.03393469,  0.00687265,
        0.04932233, -0.01325529, -0.01696271])
