      fun: 0.4231238157693786
 hess_inv: array([[ 1.00000182e+00, -9.19922919e-08,  9.32251447e-07, ...,
         1.52555827e-03, -1.20693733e-04, -6.93146207e-04],
       [-9.19922919e-08,  1.00000000e+00, -5.14273409e-08, ...,
        -8.13224850e-05,  2.27123828e-06,  3.55968151e-05],
       [ 9.32251447e-07, -5.14273409e-08,  9.99999163e-01, ...,
         1.53005571e-03, -2.21413953e-04, -6.92446695e-04],
       ...,
       [ 1.52555827e-03, -8.13224850e-05,  1.53005571e-03, ...,
         1.54759597e+00, -8.91806717e-02, -6.23186016e-01],
       [-1.20693733e-04,  2.27123828e-06, -2.21413953e-04, ...,
        -8.91806717e-02,  1.60537229e-01,  2.85850109e-02],
       [-6.93146207e-04,  3.55968151e-05, -6.92446695e-04, ...,
        -6.23186016e-01,  2.85850109e-02,  2.93938832e-01]])
      jac: array([ 2.40291841e-02, -1.16690993e-04,  8.00503083e-02, -1.15836039e-02,
        2.04018865e-01, -5.99574298e-04,  4.96375535e-01, -1.00186840e-03,
        7.16376912e-01,  4.70070556e-01,  1.30486539e+00,  1.08912084e+00,
        3.23011532e+00,  2.65288278e+00,  8.24541818e+00,  6.21578130e+00,
        5.30729484e+00,  5.21212165e+00,  1.10833990e+01,  1.05346877e+01,
        2.42185167e+01,  2.67465349e+01,  6.13367152e+01,  6.80504180e+01,
        6.34239248e+01,  4.57225764e+01,  9.29867995e+01,  6.89468752e+01,
        1.54252060e+02,  1.88981644e+02,  4.28510047e+02,  6.02248277e+02])
  message: 'Desired error not necessarily achieved due to precision loss.'
     nfev: 2784
      nit: 4
     njev: 84
   status: 2
  success: False
        x: array([ 7.07833564e-01,  9.70016914e-01, -1.64054438e-02, -3.73520446e-03,
       -1.26486037e-02, -5.57350771e-03,  2.38844392e-02,  4.09087511e-03,
        2.68312781e-02, -2.50420728e-02, -1.66424349e-02,  6.89367847e-03,
       -7.84788160e-03, -6.61257563e-04, -7.19240877e-03, -9.01994335e-04,
       -2.82689572e-03,  2.32253068e-03, -1.58924270e-03,  1.35189273e-03,
        2.44037722e-03,  1.59270921e-03,  6.13563528e-04, -7.66579224e-04,
        1.27407231e-04,  7.43999416e-04,  8.27163637e-05, -8.24195933e-04,
       -1.21331685e-04,  8.88533367e-05, -1.71115631e-05,  3.85804127e-05])
